insert  into `gameobject_template`(`entry`,`type`,`displayId`,`name`,`IconName`,`castBarCaption`,`unk1`,`faction`,`flags`,`size`,`questItem1`,`questItem2`,`questItem3`,`questItem4`,`questItem5`,`questItem6`,`data0`,`data1`,`data2`,`data3`,`data4`,`data5`,`data6`,`data7`,`data8`,`data9`,`data10`,`data11`,`data12`,`data13`,`data14`,`data15`,`data16`,`data17`,`data18`,`data19`,`data20`,`data21`,`data22`,`data23`,`AIName`,`ScriptName`,`WDBVerified`) values 
(666600,14,368,'Moonwell [Lhorath]','','','',0,0,1,0,0,0,0,0,0,0,-1,0,0,0,0,-1,0,0,0,0,0,0,0,0,0,0,0,0,0,0,0,0,0,'','',1)
(666603,14,7458,'Druid Tower [Lhorath]','','','',0,0,1,0,0,0,0,0,0,0,-1,0,0,0,0,-1,0,0,0,0,0,0,0,0,0,0,0,0,0,0,0,0,0,'','',1)
(666602,14,7832,'Human House 01 [Lhorath]','','','',0,0,1,0,0,0,0,0,0,0,-1,0,0,0,0,-1,0,0,0,0,0,0,0,0,0,0,0,0,0,0,0,0,0,'','',1)
(666604,14,7465,'Human House 02 [Lhorath]','','','',0,0,1,0,0,0,0,0,0,0,-1,0,0,0,0,-1,0,0,0,0,0,0,0,0,0,0,0,0,0,0,0,0,0,'','',1)
(666605,11,1569,'Log [Lhorath]','','','',0,0,1,0,0,0,0,0,0,0,-1,0,0,0,0,-1,0,0,0,0,0,0,0,0,0,0,0,0,0,0,0,0,0,'','',1)
(666606,11,5411,'Stepping Stone [Lhorath]','','','',0,0,1,0,0,0,0,0,0,0,-1,0,0,0,0,-1,0,0,0,0,0,0,0,0,0,0,0,0,0,0,0,0,0,'','',1)
(666607,8,7719,'Grimfates House of Horrors','','','',0,0,1,0,0,0,0,0,0,0,-1,0,0,0,0,-1,0,0,0,0,0,0,0,0,0,0,0,0,0,0,0,0,0,'','',1)
(666609,8,6794,'Inannas Palace of Pleasure','','','',0,0,1,0,0,0,0,0,0,0,-1,0,0,0,0,-1,0,0,0,0,0,0,0,0,0,0,0,0,0,0,0,0,0,'','',1)
(666610,11,90,'Waterfall[Lhorath]','','','',0,0,1,0,0,0,0,0,0,0,-1,0,0,0,0,-1,0,0,0,0,0,0,0,0,0,0,0,0,0,0,0,0,0,'','',1)
(666611,14,629,'Orc Tower [Lhorath]','','','',0,0,1,0,0,0,0,0,0,0,-1,0,0,0,0,-1,0,0,0,0,0,0,0,0,0,0,0,0,0,0,0,0,0,'','',1)
(666612,14,649,'Mine [Lhorath]','','','',0,0,1,0,0,0,0,0,0,0,-1,0,0,0,0,-1,0,0,0,0,0,0,0,0,0,0,0,0,0,0,0,0,0,'','',1)
(666613,14,2170,'Holding Pen[Lhorath]','','','',0,0,1,0,0,0,0,0,0,0,-1,0,0,0,0,-1,0,0,0,0,0,0,0,0,0,0,0,0,0,0,0,0,0,'','',1)
(666614,14,2410,'Landing Pad [Lhorath]','','','',0,0,1,0,0,0,0,0,0,0,-1,0,0,0,0,-1,0,0,0,0,0,0,0,0,0,0,0,0,0,0,0,0,0,'','',1)
(666615,14,3531,'Giant Turtle [Lhorath]','','','',0,0,1,0,0,0,0,0,0,0,-1,0,0,0,0,-1,0,0,0,0,0,0,0,0,0,0,0,0,0,0,0,0,0,'','',1)
(1000010,8,695,'Winchester\'s Temple of Tyranny','','','',0,0,1,0,0,0,0,0,0,0,-1,0,0,0,0,-1,0,0,0,0,0,0,0,0,0,0,0,0,0,0,0,0,0,'','',1)
(666617,14,7051,'Bridge [Lhorath]','','','',0,0,1,0,0,0,0,0,0,0,-1,0,0,0,0,-1,0,0,0,0,0,0,0,0,0,0,0,0,0,0,0,0,0,'','',1)
(666618,14,7165,'Orc Barracks [Lhorath]','','','',0,0,1,0,0,0,0,0,0,0,-1,0,0,0,0,-1,0,0,0,0,0,0,0,0,0,0,0,0,0,0,0,0,0,'','',1)
(666620,14,7280,'Tree [Lhorath]','','','',0,0,1,0,0,0,0,0,0,0,-1,0,0,0,0,-1,0,0,0,0,0,0,0,0,0,0,0,0,0,0,0,0,0,'','',1)
(666621,14,7428,'Chapel 1 [Lhorath]','','','',0,0,1,0,0,0,0,0,0,0,-1,0,0,0,0,-1,0,0,0,0,0,0,0,0,0,0,0,0,0,0,0,0,0,'','',1
(666622,14,7432,'Farm [Lhorath]','','','',0,0,1,0,0,0,0,0,0,0,-1,0,0,0,0,-1,0,0,0,0,0,0,0,0,0,0,0,0,0,0,0,0,0,'','',1)
(1000000,27,1327,'Stormwind Keep Teleporter','','','',0,0,1,0,0,0,0,0,0,6000,-1,0,0,0,0,-1,0,0,0,0,0,0,0,0,0,0,0,0,0,0,0,0,0,'','',1)
(666624,14,7434,'Lumber Mill [Lhorath]','','','',0,0,1,0,0,0,0,0,0,0,-1,0,0,0,0,-1,0,0,0,0,0,0,0,0,0,0,0,0,0,0,0,0,0,'','',1)
(1000005,0,411,'Grim Gate','','','',0,2,1,0,0,0,0,0,0,0,1900,6000,0,0,0,-1,0,0,0,0,0,0,0,0,0,0,0,0,0,0,0,0,0,'','',1)
(666626,14,7461,'Broken House [Lhorath]','','','',0,0,1,0,0,0,0,0,0,0,-1,0,0,0,0,-1,0,0,0,0,0,0,0,0,0,0,0,0,0,0,0,0,0,'','',1)
(666627,14,7463,'Two Story House [Lhorath]','','','',0,0,1,0,0,0,0,0,0,0,-1,0,0,0,0,-1,0,0,0,0,0,0,0,0,0,0,0,0,0,0,0,0,0,'','',1)
(666628,0,411,'GrimGate','','','',0,34,1.5,0,0,0,0,0,0,0,1700,5000,0,0,0,0,0,0,0,0,0,0,0,0,0,0,0,0,0,0,0,0,0,'','',12340)
(666629,8,6928,'Former Enemy of Grimfate','','','',0,0,6,0,0,0,0,0,0,0,-1,0,0,0,0,-1,0,0,0,0,0,0,0,0,0,0,0,0,0,0,0,0,0,'','',1)
(666630,8,6928,'Annoying Gnome','','','',0,0,2,0,0,0,0,0,0,0,-1,0,0,0,0,-1,0,0,0,0,0,0,0,0,0,0,0,0,0,0,0,0,0,'','',1)
(666631,8,392,'Inannas Bed Of Pleasure','','','',0,0,1,0,0,0,0,0,0,0,-1,0,0,0,0,-1,0,0,0,0,0,0,0,0,0,0,0,0,0,0,0,0,0,'','',1)
(666632,8,695,'Winchester\'s Tavern of Terror','','','',0,0,1,0,0,0,0,0,0,0,-1,0,0,0,0,-1,0,0,0,0,0,0,0,0,0,0,0,0,0,0,0,0,0,'','',1)
(666634,11,3,'Guard Tower','','','',0,0,1,0,0,0,0,0,0,0,-1,0,0,0,0,-1,0,0,0,0,0,0,0,0,0,0,0,0,0,0,0,0,0,'','',1)
(666635,8,5834,'Spikes','','','',0,0,1,0,0,0,0,0,0,0,-1,0,0,0,0,-1,0,0,0,0,0,0,0,0,0,0,0,0,0,0,0,0,0,'','',1)
